%YAML:1.0
---
calibration_time: "Thu 06 Jul 2017 02:36:19 PM PDT"
image_width: 88
image_height: 72
flags: 0
camera_matrix: !!opencv-matrix
   rows: 3
   cols: 3
   dt: d
   data: [ 2.7923508079527846e+01, 0., 4.1008073074714680e+01, 0.,
       2.7796886844706457e+01, 4.3494897092484820e+01, 0., 0., 1. ]
distortion_coefficients: !!opencv-matrix
   rows: 1
   cols: 5
   dt: d
   data: [ -3.1428032325158195e-01, 4.9075161812373402e-01,
       -1.4640558492106130e-03, 2.4722203830063612e-03,
       -2.2950363189376091e-01 ]
avg_reprojection_error: 1.2551787824023256e-01
