%YAML:1.0
---
calibration_time: "Thu 06 Jul 2017 02:33:16 PM PDT"
image_width: 160
image_height: 120
flags: 0
camera_matrix: !!opencv-matrix
   rows: 3
   cols: 3
   dt: d
   data: [ 1.7647316018350148e+02, 0., 8.2257005682314471e+01, 0.,
       1.7595469358027017e+02, 6.7961923697290018e+01, 0., 0., 1. ]
distortion_coefficients: !!opencv-matrix
   rows: 1
   cols: 5
   dt: d
   data: [ -1.4356496801600100e+00, 4.9042582873559944e+01,
       1.5032286646127282e-02, -7.2924546815710664e-03,
       -4.2572728748396929e+02 ]
avg_reprojection_error: 1.2645131869628490e-01
