%YAML:1.0
---
calibration_time: "Thu Jan  1 00:03:58 1970"
sensor: ov9650
lens: standard
fisheye: 0
image_width: 640
image_height: 480
camera_matrix: !!opencv-matrix
   rows: 3
   cols: 3
   dt: d
   data: [ 930.39926912550754, 0., 319.11130740482196, 0.,
       939.52811691719808, 240.37313546259, 0., 0., 1. ]
distortion_coefficients: !!opencv-matrix
   rows: 5
   cols: 1
   dt: d
   data: [ 0.52818477549118314, 15.928150482951049, 0., 0.,
       -423.8029515947452 ]
avg_reprojection_error: 1.7888652451445113
