%YAML:1.0
---
calibration_time: "Wed 05 Jul 2017 05:51:21 PM PDT"
image_width: 640
image_height: 480
flags: 0
camera_matrix: !!opencv-matrix
   rows: 3
   cols: 3
   dt: d
   data: [ 6.5876910391474928e+02, 0., 3.4243117338910145e+02, 0.,
       6.5837316715574661e+02, 2.5093545202231513e+02, 0., 0., 1. ]
distortion_coefficients: !!opencv-matrix
   rows: 1
   cols: 5
   dt: d
   data: [ 2.3614217917861352e-01, -2.8983267012643715e-01,
       -1.1519795733873316e-03, -8.7701317797552109e-04,
       -2.4354602371303335e+00 ]
avg_reprojection_error: 2.5198033307669687e-01
