%YAML:1.0
---
calibration_time: "Thu Jan  1 00:49:41 1970"
sensor: ov9650
lens: standard
image_width: 352
image_height: 288
camera_matrix: !!opencv-matrix
   rows: 3
   cols: 3
   dt: d
   data: [ 317.76407458842618, 0., 44.737220397047651, 0.,
       316.98655546122518, 56.085161032474566, 0., 0., 1. ]
distortion_coefficients: !!opencv-matrix
   rows: 5
   cols: 1
   dt: d
   data: [ -0.019820238599979681, 0.019671854909516538, 0., 0.,
       -0.038324206614548037 ]
avg_reprojection_error: 1.330895387231988
