%YAML:1.0
---
calibration_time: "Mon Jul  8 12:34:32 2024"
sensor: imx290
lens: standard
image_width: 1024
image_height: 576
camera_matrix: !!opencv-matrix
   rows: 3
   cols: 3
   dt: d
   data: [ 709.47706800021285, 0., 511.5, 0., 706.28608866026104, 287.5,
       0., 0., 1. ]
distortion_coefficients: !!opencv-matrix
   rows: 5
   cols: 1
   dt: d
   data: [ 0.035233722268471553, -0.16895551761130806, 0., 0.,
       0.16102646156262576 ]
avg_reprojection_error: 0.70859098962585887
