%YAML:1.0
---
calibration_time: "Wed 05 Jul 2017 05:58:12 PM PDT"
image_width: 352
image_height: 288
flags: 0
camera_matrix: !!opencv-matrix
   rows: 3
   cols: 3
   dt: d
   data: [ 3.9654196641305145e+02, 0., 1.7752279452796776e+02, 0.,
       3.9622413435797557e+02, 1.5253637665599169e+02, 0., 0., 1. ]
distortion_coefficients: !!opencv-matrix
   rows: 1
   cols: 5
   dt: d
   data: [ 2.2297792335468222e-01, -3.7799189210324924e-01,
       1.3239812906603783e-03, -6.6542483495636209e-03,
       -1.1931502813802943e+00 ]
avg_reprojection_error: 3.7434614574258890e-01
