%YAML:1.0
---
calibration_time: "Fri 25 Jan 2019 05:59:14 PM PST"
image_width: 1280
image_height: 720
flags: 0
camera_matrix: !!opencv-matrix
   rows: 3
   cols: 3
   dt: d
   data: [ 1.5589360622934869e+03, 0., 6.8300070084949323e+02, 0.,
       1.1715543099322565e+03, 2.9469644931259097e+02, 0., 0., 1. ]
distortion_coefficients: !!opencv-matrix
   rows: 1
   cols: 5
   dt: d
   data: [ 1.9146691446230882e-01, -5.0634593405855000e-01,
       -1.8033105053094562e-03, -5.1917252186010811e-03,
       -3.3078355933599886e+00 ]
avg_reprojection_error: 3.3361153041488306e-01
