%YAML:1.0
---
calibration_time: "Thu 06 Jul 2017 02:19:28 PM PDT"
image_width: 320
image_height: 240
flags: 0
camera_matrix: !!opencv-matrix
   rows: 3
   cols: 3
   dt: d
   data: [ 3.3510593732648641e+02, 0., 1.6955584416421985e+02, 0.,
       3.3517568612638269e+02, 1.2097291428685891e+02, 0., 0., 1. ]
distortion_coefficients: !!opencv-matrix
   rows: 1
   cols: 5
   dt: d
   data: [ 2.0088620543456895e-01, 8.1182994043455903e-01,
       -7.8605490125169836e-03, -2.7920374868431819e-03,
       -7.9665818965557920e+00 ]
avg_reprojection_error: 2.6950574077961026e-01
