%YAML:1.0
---
calibration_time: "Fri 25 Jan 2019 05:46:10 PM PST"
image_width: 800
image_height: 600
flags: 0
camera_matrix: !!opencv-matrix
   rows: 3
   cols: 3
   dt: d
   data: [ 9.4541343914269532e+02, 0., 4.3161008157635302e+02, 0.,
       9.4374021247389385e+02, 2.6094885267362201e+02, 0., 0., 1. ]
distortion_coefficients: !!opencv-matrix
   rows: 1
   cols: 5
   dt: d
   data: [ 1.9198142280202132e-01, -2.1447832743168005e-01,
       -1.1090412320748253e-03, -4.3168186891461274e-03,
       -5.2950061383813543e+00 ]
avg_reprojection_error: 2.0565536456807360e-01
