%YAML:1.0
---
calibration_time: "Thu 06 Jul 2017 02:30:31 PM PDT"
image_width: 176
image_height: 144
flags: 0
camera_matrix: !!opencv-matrix
   rows: 3
   cols: 3
   dt: d
   data: [ 1.7664453673687106e+02, 0., 9.2511586204323663e+01, 0.,
       1.7587281767514585e+02, 7.8363085327863558e+01, 0., 0., 1. ]
distortion_coefficients: !!opencv-matrix
   rows: 1
   cols: 5
   dt: d
   data: [ -1.0380572602108680e+00, 2.4406042146483358e+01,
       2.4414238225313044e-02, 1.6176734596432756e-02,
       -1.2447789269685261e+02 ]
avg_reprojection_error: 2.5158775995933841e-01
